
                       Weight1
      w0      w1      w2      w3      w4      w5
  -0.017   0.042   0.123   0.051   0.065   0.040
   0.001  -0.033   0.021   0.067   0.092   0.099
   0.058  -0.002   0.020   0.054   0.014   0.027
   0.009   0.103   0.081   0.058   0.008   0.025
   0.002  -0.027   0.037   0.122   0.059   0.008
   0.001   0.129   0.094   0.047  -0.023  -0.020
   0.016  -0.018   0.100   0.049   0.064   0.061
  -0.036  -0.045   0.129   0.132   0.006   0.067
   0.010   0.112   0.164   0.032   0.014   0.018
  -0.050   0.051   0.081   0.111   0.079   0.079
  -0.013  -0.013   0.099   0.088   0.082   0.050
   0.023   0.087   0.154   0.022  -0.007  -0.027
  -0.021   0.040   0.088   0.085  -0.009   0.026
  -0.006  -0.057   0.077   0.072   0.095   0.053
  -0.014   0.112   0.072   0.083   0.024  -0.034


                                                          Weight2
      w0      w1      w2      w3      w4      w5      w6      w7      w8      w9     w10     w11     w12     w13     w14     w15
  -0.257   0.082   0.046   0.031   0.090   0.095   0.096   0.090   0.137   0.127   0.104   0.103   0.126   0.098   0.085   0.093
  -0.243   0.040   0.120   0.031   0.046   0.101  -0.016   0.088   0.073  -0.016   0.109   0.101   0.005   0.038   0.106   0.069
  -0.077   0.063  -0.042  -0.022   0.096  -0.022   0.143  -0.004  -0.051   0.093   0.003  -0.017   0.125   0.039  -0.057   0.118
