                 Q-tabell                       State Space
        Q1        Q2        Q3		   k1   k2   k3   k4
      0.00     -0.15     -0.64		    0    0    0    0
      0.00      0.00      0.00		    0    0    0    1
    -50.00    -50.00     -0.74		    0    0    0    2
      0.00      0.00      0.00		    0    0    0    3
      0.00      0.00      0.00		    0    0    1    0
      0.69      0.05     -0.17		    0    0    1    1
      0.00      0.00      0.00		    0    0    1    2
      0.00      0.00      0.00		    0    0    1    3
    -50.00      0.27     -0.28		    0    0    2    0
      0.00      0.00      0.00		    0    0    2    1
    -63.22     -0.45    -50.48		    0    0    2    2
    -49.99     -0.34     -0.68		    0    0    2    3
      0.00      0.00      0.00		    0    0    3    0
      0.00      0.00      0.00		    0    0    3    1
    -50.59     -1.71     -1.78		    0    0    3    2
      0.00      0.00      0.00		    0    0    3    3
      0.00      0.00     -0.55		    0    1    0    0
      0.00      0.00      0.00		    0    1    0    1
      0.27      0.00      0.00		    0    1    0    2
      0.00      0.00      0.00		    0    1    0    3
      0.00      0.00      0.00		    0    1    1    0
      0.40      0.27     -0.36		    0    1    1    1
      0.00      0.00      0.00		    0    1    1    2
      0.00      0.00      0.00		    0    1    1    3
    -11.33      0.15     -1.21		    0    1    2    0
      0.00      0.00      0.00		    0    1    2    1
    -22.18      0.78    -50.23		    0    1    2    2
      0.26     -0.68     -0.82		    0    1    2    3
      0.00      0.00      0.00		    0    1    3    0
      0.00      0.00      0.00		    0    1    3    1
      0.00      0.00      0.00		    0    1    3    2
      0.00      0.00      0.00		    0    1    3    3
      0.00      0.00      0.00		    0    2    0    0
      0.00      0.00      0.00		    0    2    0    1
      0.00      0.00     -0.16		    0    2    0    2
      0.00      0.00      0.00		    0    2    0    3
      0.00      0.05      0.00		    0    2    1    0
      1.11      0.21    -50.38		    0    2    1    1
      0.00      0.00      0.00		    0    2    1    2
      0.00      0.66     -0.55		    0    2    1    3
      0.14     -1.16    -49.73		    0    2    2    0
      0.00      0.00      0.00		    0    2    2    1
    -50.20      0.54    -62.10		    0    2    2    2
    -50.00     -0.59     -0.90		    0    2    2    3
      0.00      0.00      0.00		    0    2    3    0
      0.00      0.00      0.00		    0    2    3    1
      1.10      0.71      0.26		    0    2    3    2
      0.00      0.35      0.06		    0    2    3    3
      0.00      0.00      0.00		    1    0    0    0
      0.00      0.00      0.00		    1    0    0    1
     -1.22     -0.44      0.24		    1    0    0    2
      0.20      0.00      0.00		    1    0    0    3
      0.00      0.00      0.00		    1    0    1    0
      1.28     -0.07     -0.51		    1    0    1    1
      0.00      0.00      0.00		    1    0    1    2
      0.00      0.00      0.00		    1    0    1    3
      0.00      0.00      0.00		    1    0    2    0
      0.00      0.00      0.00		    1    0    2    1
     -9.83    -49.42     -4.81		    1    0    2    2
      0.59     -1.51     -0.65		    1    0    2    3
      0.00      0.00      0.00		    1    0    3    0
      0.00      0.00      0.00		    1    0    3    1
      0.50     -0.59     -0.55		    1    0    3    2
      0.97     -0.41     -0.14		    1    0    3    3
      0.15     -0.15     -0.53		    1    1    0    0
      0.00      0.00      0.00		    1    1    0    1
    -22.65     -0.04     -0.51		    1    1    0    2
      0.00      0.41     -0.04		    1    1    0    3
      0.00      0.00      0.00		    1    1    1    0
      0.49     -0.15     -0.21		    1    1    1    1
      0.00      0.00      0.00		    1    1    1    2
      0.00      0.00      0.00		    1    1    1    3
     -1.71      0.46     -1.11		    1    1    2    0
      0.00      0.00      0.00		    1    1    2    1
    -22.52      0.84    -22.60		    1    1    2    2
      0.54     -1.07     -1.67		    1    1    2    3
      0.00      0.00      0.00		    1    1    3    0
      0.00      0.00      0.00		    1    1    3    1
     -0.82     -0.27     -0.52		    1    1    3    2
      0.00      0.00      0.00		    1    1    3    3
      0.00      0.00      0.00		    1    2    0    0
      0.00      0.00      0.00		    1    2    0    1
      0.00     -0.19     -0.29		    1    2    0    2
      0.00      0.35      0.00		    1    2    0    3
      0.77      0.12     -0.59		    1    2    1    0
      0.23    -48.92     -0.05		    1    2    1    1
      0.00      0.00      0.00		    1    2    1    2
      1.26      0.22     -0.50		    1    2    1    3
      0.34     -0.31     -1.01		    1    2    2    0
      0.00      0.00      0.00		    1    2    2    1
      0.55     -3.14     -3.16		    1    2    2    2
      0.19      0.10     -0.86		    1    2    2    3
      0.20      0.36      0.00		    1    2    3    0
      0.00      0.00      0.00		    1    2    3    1
      1.06      0.60     -0.55		    1    2    3    2
      0.00      0.00      0.00		    1    2    3    3
      0.00      0.00      0.00		    2    0    0    0
      0.00     -0.40      0.00		    2    0    0    1
    -49.46    -50.77     -0.78		    2    0    0    2
      0.00     -0.15      0.20		    2    0    0    3
      0.00      0.00      0.00		    2    0    1    0
    -49.59    -50.25     -0.34		    2    0    1    1
      0.00      0.00      0.00		    2    0    1    2
      0.00      0.00      0.00		    2    0    1    3
      0.00      0.00      0.00		    2    0    2    0
      0.00      0.00      0.00		    2    0    2    1
    -49.47    -50.34      0.51		    2    0    2    2
      0.00    -50.84      0.00		    2    0    2    3
      0.00      0.00      0.00		    2    0    3    0
      0.90     -0.78     -0.63		    2    0    3    1
      1.80     -0.94     -1.41		    2    0    3    2
      0.84     -0.34      0.00		    2    0    3    3
      0.00      0.00      0.00		    2    1    0    0
      0.00      0.20      0.00		    2    1    0    1
     -0.55     -0.48     -0.15		    2    1    0    2
      0.00     -0.30      0.00		    2    1    0    3
      0.00      0.00      0.00		    2    1    1    0
      0.66     -0.48      0.18		    2    1    1    1
      0.00      0.00      0.00		    2    1    1    2
      0.00      0.00      0.00		    2    1    1    3
     -0.95     -0.14     -0.68		    2    1    2    0
      0.00      0.00      0.00		    2    1    2    1
      1.49     -4.17     -3.51		    2    1    2    2
      0.18     -0.48     -0.28		    2    1    2    3
      0.00      0.00      0.00		    2    1    3    0
      0.66     -0.25     -0.49		    2    1    3    1
      1.21     -0.39     -0.09		    2    1    3    2
      0.00      0.00      0.00		    2    1    3    3
      0.51      0.63      0.25		    2    2    0    0
      0.93      0.60      0.53		    2    2    0    1
      1.01      0.45     -0.15		    2    2    0    2
      1.33      0.52      0.39		    2    2    0    3
      1.32      0.51      0.08		    2    2    1    0
      0.67      0.14     -0.26		    2    2    1    1
      0.00      0.00      0.00		    2    2    1    2
      1.59      0.49     -0.43		    2    2    1    3
      0.79     -0.21      0.21		    2    2    2    0
      0.00      0.00      0.00		    2    2    2    1
      0.82    -48.83    -48.99		    2    2    2    2
      0.23      0.54      0.01		    2    2    2    3
      0.54      1.07      0.40		    2    2    3    0
      1.25      0.00     -0.11		    2    2    3    1
      1.77    -49.26      0.42		    2    2    3    2
      0.89      0.40      0.41		    2    2    3    3
